12
18
4279506971
4279506971
4279506971
4279506971
4279506971
4279506971
4279506971
4279506971
4279506971
4279506971
4279506971
0
4279506971
4294967295
4294967295
4294967295
4294967295
4294967295
4294967295
4294967295
4294967295
4294967295
4279506971
4279506971
4279506971
4294967295
4294967295
4294967295
4294967295
4294967295
4294967295
4294967295
4294967295
4294967295
4279506971
4279506971
4279506971
4294967295
4294967295
4294967295
4294967295
4294967295
4294967295
4294967295
4294967295
4294967295
4279506971
4279506971
4279506971
4294967295
4294967295
4294967295
4294967295
4294967295
4294967295
4294967295
4294967295
4294967295
4279506971
4279506971
4279506971
4294967295
4294967295
4294967295
4294967295
4279506971
4279506971
4279506971
4279506971
4279506971
4279506971
4279506971
4279506971
4294967295
4294967295
4294967295
4294967295
4294967295
4294967295
4294967295
4294967295
4294967295
4279506971
4279506971
4279506971
4294967295
4294967295
4294967295
4294967295
4294967295
4294967295
4294967295
4294967295
4294967295
4279506971
4279506971
4279506971
4294967295
4294967295
4294967295
4294967295
4294967295
4294967295
4294967295
4294967295
4294967295
4279506971
4279506971
4279506971
4294967295
4294967295
4294967295
4294967295
4294967295
4294967295
4294967295
4294967295
4294967295
4279506971
4279506971
4279506971
4294967295
4294967295
4294967295
4294967295
4294967295
4294967295
4294967295
4294967295
4294967295
4279506971
4279506971
4279506971
4294967295
4294967295
4294967295
4294967295
4279506971
4294967295
4294967295
4294967295
4294967295
4279506971
4279506971
4279506971
4294967295
4294967295
4294967295
4294967295
4294967295
4294967295
4294967295
4294967295
4294967295
4279506971
4279506971
4279506971
4294967295
4294967295
4294967295
4294967295
4294967295
4294967295
4294967295
4294967295
4294967295
4279506971
4279506971
4279506971
4294967295
4294967295
4294967295
4294967295
4294967295
4294967295
4294967295
4294967295
4294967295
4279506971
4279506971
4279506971
4294967295
4294967295
4294967295
4294967295
4294967295
4294967295
4294967295
4294967295
4294967295
4279506971
4279506971
4279506971
4279506971
4279506971
4279506971
4279506971
4279506971
4279506971
4279506971
4279506971
4279506971
4279506971
4279506971
0
4279506971
4279506971
4279506971
4279506971
4279506971
4279506971
4279506971
4279506971
4279506971
4279506971
4279506971