13
14
4283772934
4283772934
4283772934
4283772934
4283772934
4283772934
4283772934
4283772934
4283772934
4283772934
4283772934
4283772934
4283772934
4283772934
4283772934
4283772934
4283772934
4283772934
4283772934
4283772934
4283772934
4283772934
4283772934
4283772934
4283772934
4283772934
4283772934
4294835965
4294835965
4294835965
4294835965
4294835965
4294835965
4294835965
4294835965
4294835965
4294835965
4294835965
4283772934
4283772934
4294835965
4293288221
4293288221
4293288221
4293288221
4293288221
4293288221
4293288221
4293288221
4293288221
4294835965
4283772934
4283772934
4294835965
4293288221
4293288221
4293288221
4293288221
4290596373
4290596373
4293288221
4293288221
4293288221
4294835965
4283772934
4283772934
4294835965
4293288221
4293288221
4293288221
4290596373
4294835965
4294835965
4293288221
4293288221
4293288221
4294835965
4283772934
4283772934
4294835965
4293288221
4293288221
4290596373
4294835965
4294835965
4294835965
4293288221
4293288221
4293288221
4294835965
4283772934
4283772934
4294835965
4293288221
4293288221
4294835965
4294835965
4294835965
4294835965
4293288221
4293288221
4293288221
4294835965
4283772934
4283772934
4294835965
4293288221
4293288221
4293288221
4294835965
4294835965
4294835965
4293288221
4293288221
4293288221
4294835965
4283772934
4283772934
4294835965
4293288221
4293288221
4293288221
4293288221
4294835965
4294835965
4293288221
4293288221
4293288221
4294835965
4283772934
4283772934
4294835965
4293288221
4293288221
4293288221
4293288221
4293288221
4293288221
4293288221
4293288221
4293288221
4294835965
4283772934
4283772934
4294835965
4293288221
4293288221
4293288221
4293288221
4293288221
4293288221
4293288221
4293288221
4293288221
4294835965
4283772934
4283772934
4294835965
4294835965
4294835965
4294835965
4294835965
4294835965
4294835965
4294835965
4294835965
4294835965
4294835965
4283772934
4283772934
4283772934
4283772934
4283772934
4283772934
4283772934
4283772934
4283772934
4283772934
4283772934
4283772934
4283772934
4283772934