9
10
4280163870
4280163870
4281671712
4286787116
4288689971
4287049772
4282065184
4280163870
4280163870
4280163870
4285737769
4293218633
4294794581
4294926166
4294794837
4293481291
4286524971
4280163870
4283770147
4293743949
4294926166
4294926166
4294926166
4294926166
4294926166
4294072143
4284753702
4289871417
4294926166
4294926166
4294926166
4294926166
4294926166
4294926166
4294926166
4290724413
4292168516
4294926166
4294926166
4294926166
4294926166
4294926166
4294926166
4294926166
4292824904
4291774786
4294926166
4294926166
4294926166
4294926166
4294926166
4294926166
4294926166
4292496710
4288689971
4294860373
4294926166
4294926166
4294926166
4294926166
4294926166
4294926166
4289608759
4281868576
4292561990
4294926166
4294926166
4294926166
4294926166
4294926166
4293021768
4282720801
4280163870
4282983202
4291052606
4294203215
4294597459
4294269008
4291446336
4283638819
4280163870
4280163870
4280163870
4280163870
4282327585
4285081638
4282655266
4280229406
4280163870
4280163870